# Camera parameter file. 

# The format of each camera is as follows:
# Filename (of the undistorted image in visualize folder)
# Original filename
# Focal Length (of the undistorted image)
# 2-vec Principal Point (image center)
# 3-vec Translation T (as in P = K[R T])
# 3-vec Camera Position C (as in P = K[R -RC])
# 3-vec Axis Angle format of R
# 4-vec Quaternion format of R
# 3x3 Matrix format of R
# [Normalized radial distortion] = [radial distortion] * [focal length]^2
# 3-vec Lat/Lng/Alt from EXIF

# The nubmer of cameras in this reconstruction
13

00000000.jpg
/tmp/where_is_waldo/images/Grass lawn at Trafalgar Square for 2 days (25).jpg
2989.90771484
1424 1068
0.0965853109956 0.0281421430409 0.244430705905
-0.0959151163697 -0.00848738662899 -0.246161043644
-0.118092418744 -0.00452712159876 -0.0971550515617
0.997075617941 -0.0589886402509 -0.00226135386337 -0.0485301634609
0.995279371738 0.0970431566238 0.00121600180864
-0.0965098142624 0.98832988739 0.117851808667
0.0102349650115 -0.117412731051 0.993029892445
0.0629831791763
0 0 0

00000001.jpg
/tmp/where_is_waldo/images/Grass lawn at Trafalgar Square for 2 days (03).jpg
3007.97094727
1068 1424
0.3725656569 -0.0324006490409 1.02592551708
-0.682191193104 0.00413050688803 -0.852627694607
-0.033075362318 -0.32419664717 -0.111981547256
0.985194311836 -0.0164559830637 -0.161297538749 -0.0557141726028
0.941758751869 0.115087434649 -0.315985500813
-0.104469709098 0.993249058723 0.0503978095949
0.319652169943 -0.0144515540451 0.947423517704
0.142319829551
0 0 0

00000002.jpg
/tmp/where_is_waldo/images/Grass lawn at Trafalgar Square for 2 days (04).jpg
2954.37084961
1424 1068
0.336000025272 -0.0440611243248 1.04086518288
-0.683310985565 -0.000312917865813 -0.855173647404
-0.0363277018398 -0.358124257007 -0.153526000273
0.9809180974 -0.0180481696634 -0.177921724296 -0.0762741148034
0.925054311752 0.156060233712 -0.346300631762
-0.143214404583 0.987711548805 0.0625492483377
0.351805925369 -0.00826585665345 0.936035394669
0.0787629429042
0 0 0

00000003.jpg
/tmp/where_is_waldo/images/Grass lawn at Trafalgar Square for 2 days (09).jpg
2953.19848633
1424 1068
0.258612275124 -0.0586298927665 0.979374349117
-0.534296631813 0.0115652438253 -0.862487256527
-0.0126320400246 -0.291090137386 -0.147001177866
0.986716596189 -0.00628802908659 -0.144900051546 -0.0731748538146
0.947299659252 0.146228283644 -0.285030543804
-0.142583087087 0.989210546017 0.0336150936782
0.286870598793 0.00879708305001 0.957928359509
0.0704723377036
0 0 0

00000004.jpg
/tmp/where_is_waldo/images/Grass lawn at Trafalgar Square for 2 days (11).jpg
2955.34960938
1424 1068
0.241415038705 -0.025745280087 1.19815933704
-0.837549746037 -0.000371484085917 -0.890526771545
-0.0585290561058 -0.552859801552 -0.160353870696
0.958442107365 -0.0288580029455 -0.272589903941 -0.0790631659001
0.838887810707 0.167288035154 -0.517960727215
-0.135821834207 0.985833704472 0.0984213352203
0.527085840702 -0.0122135654092 0.849723577499
0.0731403060384
0 0 0

00000005.jpg
/tmp/where_is_waldo/images/Grass lawn at Trafalgar Square for 2 days (00).jpg
2960.50488281
1424 1068
0.294771194458 0.0491628088057 1.20020973682
-0.857336342335 -0.00449176132679 -0.891495347023
-0.125584640476 -0.527514036812 -0.152519180242
0.960598505904 -0.0619654296174 -0.260283692307 -0.0752553536224
0.853178262711 0.176837563515 -0.490729779005
-0.112323157489 0.98099476099 0.158223465085
0.509382724762 -0.0798721313477 0.856824934483
0.0860486401271
0 0 0

00000006.jpg
/tmp/where_is_waldo/images/Grass lawn at Trafalgar Square for 2 days (02).jpg
2944.98413086
1424 1068
0.451713949442 -0.128078922629 0.989047586918
-0.680753111839 -0.00081218034029 -0.857461214066
0.0632119770503 -0.238023272325 -0.123120769397
0.99053876664 0.0315062483008 -0.1186360666 -0.0613661162427
0.964319109917 0.114095419645 -0.238894179463
-0.129046648741 0.990482985973 -0.047855887562
0.231160312891 0.0769767537713 0.969866096973
0.0635049600711
0 0 0

00000007.jpg
/tmp/where_is_waldo/images/Grass lawn at Trafalgar Square for 2 days (17).jpg
2982.00292969
1424 1068
0.295184731483 0.0386967137456 0.130679383874
-0.282259136438 -0.0250562373549 -0.159406840801
-0.236632433479 0.072821451711 -0.0718930174074
0.991703193089 -0.11798881979 0.03630997246 -0.0358470398597
0.994793236256 0.0625308603048 0.0804765373468
-0.079667635262 0.969587147236 0.231416493654
-0.0635583251715 -0.236623063684 0.969520509243
0.0582291639633
0 0 0

00000008.jpg
/tmp/where_is_waldo/images/Grass lawn at Trafalgar Square for 2 days (05).jpg
2939.06005859
1424 1068
0.770508110523 0.0923966169357 0.689280867577
-0.502041101456 0.0179993212223 -0.908272266388
-0.148692302562 0.331679960707 -0.015081963223
0.983501978161 -0.0739368450103 0.164926962763 -0.007499465393
0.945485293865 -0.00963691063225 0.325520962477
-0.0391398668289 0.988954246044 0.142960309982
-0.32330301404 -0.147907823324 0.934665024281
0.0582564949078
0 0 0

00000009.jpg
/tmp/where_is_waldo/images/Grass lawn at Trafalgar Square for 2 days (37).jpg
2976.97998047
1424 1068
-0.230568543077 0.0417695008218 0.165715843439
0.280836254358 -0.0161487255245 -0.0569079071283
-0.142651678963 0.434201486629 -0.03633748737
0.973839817214 -0.070702782289 0.215204289229 -0.0180100330898
0.906725525856 0.00464664725587 0.421695739031
-0.0655089020729 0.989353716373 0.129954636097
-0.416602283716 -0.145458102226 0.897376716137
0.0624191168722
0 0 0

00000010.jpg
/tmp/where_is_waldo/images/Grass lawn at Trafalgar Square for 2 days (23).jpg
3021.24047852
1424 1068
0.207698494196 0.0188649557531 0.194347441196
-0.0904145166278 0.00204592198133 -0.270345032215
-0.0832392543371 0.494433736155 0.00758450553437
0.968732826019 -0.041184940134 0.244634865917 0.00375264541792
0.88027960062 -0.0274211540818 0.473662525415
-0.0128799108788 0.996578991413 0.0816304460168
-0.474280774593 -0.0779583677649 0.876914560795
0.0558768793555
0 0 0

00000011.jpg
/tmp/where_is_waldo/images/Grass lawn at Trafalgar Square for 2 days (31).jpg
2882.70068359
1424 1068
-0.214671567082 0.0447206683457 0.204909339547
0.296537071466 -0.0396203175187 -0.0238250344992
-0.117317738696 0.697924572985 0.0333802361872
0.937906399697 -0.0574396542239 0.341709161735 0.0163432166849
0.765935361385 -0.0699121132493 0.639104902744
-0.00859848316759 0.99286699295 0.118915215135
-0.64285993576 -0.0965768620372 0.759871304035
0.0580389387534
0 0 0

00000012.jpg
/tmp/where_is_waldo/images/Grass lawn at Trafalgar Square for 2 days (29).jpg
2905.53955078
1424 1068
0.321087300777 0.106180950999 -0.0130329430103
-0.273710221052 -0.102056451142 -0.170904904604
-0.207027101084 0.52918688265 -0.0414579620166
0.959696487837 -0.102119124475 0.261029115786 -0.0204497419008
0.862891077995 -0.0140610225499 0.505194067955
-0.0925632044673 0.978307127953 0.18533077836
-0.496840834618 -0.206682682037 0.842871189117
0.0127866671872
0 0 0

